-1.0000 play
-1.0000 view 170 30 0.05
0.0000 zoom 1.28 19
0.3000 note 48 84 3.15
0.3120 note 55 80 3.15
0.3240 note 59 76 3.15
0.3360 note 62 72 3.15
0.3480 note 64 68 3.15
3.7000 note 45 84 3.15
3.7120 note 52 80 3.15
3.7240 note 55 76 3.15
3.7360 note 59 72 3.15
3.7480 note 60 68 3.15
5.0000 still chord-bundles
7.1000 note 41 84 3.15
7.1120 note 48 80 3.15
7.1240 note 52 76 3.15
7.1360 note 57 72 3.15
7.1480 note 59 68 3.15
10.5000 note 43 84 3.15
10.5120 note 50 80 3.15
10.5240 note 57 76 3.15
10.5360 note 60 72 3.15
10.5480 note 64 68 3.15
13.0000 still chord-bundles-close
13.9000 note 48 84 4.35
13.9120 note 55 80 4.35
13.9240 note 59 76 4.35
13.9360 note 64 72 4.35
13.9480 note 67 68 4.35
19.8000 end
